1000 5000 4
1
2
3
4
1 896 10
1 401 3
1 837 5
2 237 6
2 680 6
2 890 7
2 989 4
2 957 6
2 340 8
3 909 6
3 118 6
3 827 3
4 701 5
4 983 8
4 818 2
4 763 10
4 688 8
5 823 4
5 509 4
5 816 8
6 281 2
6 137 7
6 334 10
6 493 2
6 732 6
6 469 3
6 465 6
7 321 8
7 892 4
7 556 10
8 116 4
8 875 5
8 599 6
9 670 9
9 323 5
9 53 9
9 860 9
9 354 10
10 937 8
10 70 9
10 600 5
10 959 6
10 320 5
10 877 7
11 157 9
11 443 9
11 89 10
11 549 5
11 513 3
11 392 3
12 280 10
12 938 2
12 279 3
13 240 10
13 863 4
13 763 7
13 343 6
13 941 2
13 933 9
14 581 8
14 276 9
14 254 4
14 523 8
14 911 10
15 697 5
15 544 8
15 575 2
16 856 3
16 594 6
16 900 10
16 637 4
16 130 4
16 102 5
17 869 9
17 484 3
17 499 7
17 468 6
17 553 8
17 41 10
17 412 8
18 805 2
18 787 10
18 256 9
18 79 10
19 130 4
19 877 10
19 234 5
19 647 9
19 397 10
19 786 7
20 588 3
20 283 2
20 904 8
21 744 2
21 58 5
21 604 6
22 738 10
22 343 2
22 817 5
22 897 9
23 483 10
23 894 5
23 189 7
23 265 6
24 595 7
24 647 3
24 611 5
24 683 6
24 12 8
24 749 10
24 703 5
25 211 7
25 391 4
25 481 4
25 905 2
25 868 6
26 14 3
26 453 4
26 974 8
27 967 3
27 674 4
27 591 8
27 280 3
27 512 9
28 524 7
28 239 9
28 974 8
28 567 3
28 477 9
28 697 8
29 146 5
29 84 2
29 375 6
30 612 10
30 522 8
30 519 10
30 822 2
31 885 4
31 979 9
31 440 3
31 879 5
31 738 8
32 220 10
32 123 9
32 672 6
33 30 8
33 477 3
33 123 3
34 353 4
34 154 8
34 869 3
34 660 7
35 272 7
35 772 8
35 30 6
35 189 5
35 393 9
36 709 6
36 305 4
36 68 8
36 447 5
37 322 6
37 855 3
37 494 5
37 644 7
37 217 6
37 986 10
38 566 3
38 949 5
38 340 8
38 715 7
38 257 8
38 389 3
39 862 10
39 870 8
39 928 2
39 557 4
40 345 6
40 949 5
40 420 10
40 255 7
40 872 7
40 853 5
41 445 2
41 990 3
41 124 6
41 624 9
41 239 9
41 760 4
41 591 10
42 839 3
42 654 10
42 317 6
42 488 6
43 726 6
43 807 2
43 272 8
43 177 8
43 503 8
43 337 8
44 13 10
44 374 6
44 497 8
45 604 4
45 994 6
45 430 2
45 765 9
45 261 9
45 963 7
45 855 6
46 884 3
46 100 7
46 834 9
46 715 2
46 646 3
46 798 5
46 946 3
47 616 10
47 480 5
47 636 10
47 305 7
47 444 6
48 324 7
48 414 7
48 538 6
48 90 2
48 224 7
48 754 10
49 337 2
49 501 8
49 952 7
49 908 9
49 301 8
50 428 7
50 537 7
50 365 6
51 816 7
51 678 3
51 949 6
51 106 8
52 670 6
52 144 2
52 448 4
53 82 7
53 430 2
53 781 7
53 18 2
53 806 7
53 230 8
54 657 8
54 430 9
54 435 4
54 979 4
54 12 7
55 856 9
55 914 7
55 874 5
55 98 5
55 878 10
55 921 8
55 933 8
56 845 10
56 882 5
56 203 7
56 863 7
57 263 2
57 548 5
57 773 3
57 666 2
57 334 7
58 422 8
58 533 3
58 17 5
58 366 6
58 27 8
58 15 6
58 336 8
59 913 6
59 850 7
59 474 3
60 236 7
60 831 9
60 630 7
60 778 6
60 930 3
60 992 7
61 860 10
61 790 8
61 105 5
61 933 2
62 566 9
62 331 8
62 686 6
62 686 5
62 294 2
62 463 7
62 839 10
63 737 7
63 293 8
63 185 5
64 447 3
64 22 7
64 233 3
64 233 8
64 883 3
64 235 9
65 479 9
65 430 8
65 821 4
65 999 2
66 876 9
66 922 8
66 520 2
66 904 6
66 808 2
66 694 2
66 157 6
67 362 6
67 945 4
67 745 9
67 402 3
68 640 8
68 49 4
68 54 7
68 545 5
68 896 7
68 545 5
68 342 10
69 663 9
69 760 9
69 671 10
69 546 6
70 610 10
70 645 3
70 789 6
70 162 9
70 658 9
71 872 8
71 408 4
71 599 3
71 100 4
71 522 7
71 368 5
72 244 6
72 146 2
72 207 9
72 796 2
72 705 10
72 516 6
73 763 4
73 658 3
73 21 9
74 544 5
74 905 8
74 495 10
74 927 10
74 300 2
74 17 10
75 115 9
75 77 9
75 463 3
75 337 7
75 177 10
75 917 7
76 91 9
76 758 4
76 53 4
76 253 10
76 140 8
76 318 5
77 419 3
77 496 10
77 17 3
77 993 6
77 207 3
77 547 6
78 787 9
78 364 7
78 685 9
78 43 5
78 67 6
78 436 7
78 340 4
79 472 3
79 173 2
79 173 7
79 713 8
79 920 8
79 557 7
79 151 10
80 939 3
80 653 4
80 437 7
80 625 10
80 459 6
81 128 6
81 769 4
81 607 9
82 574 6
82 220 7
82 913 2
82 571 6
82 760 3
82 570 2
83 507 4
83 250 4
83 414 9
83 612 5
83 678 8
84 414 7
84 24 3
84 483 8
84 894 5
84 238 8
84 560 5
85 974 6
85 807 10
85 777 3
86 674 10
86 626 9
86 659 8
86 953 7
87 228 3
87 681 8
87 521 2
88 28 7
88 11 3
88 996 9
88 797 9
88 763 6
89 253 10
89 321 9
89 213 5
89 696 5
89 571 10
89 639 8
89 203 3
90 101 6
90 297 3
90 67 6
91 177 7
91 28 2
91 12 3
92 599 3
92 657 10
92 35 9
93 495 10
93 124 6
93 814 5
93 571 2
93 722 3
93 124 3
94 287 9
94 154 10
94 766 2
94 139 7
94 643 8
95 569 6
95 882 6
95 359 3
95 720 7
95 297 10
95 958 3
95 337 9
96 726 2
96 945 4
96 31 10
96 645 3
96 835 10
96 275 9
96 682 5
97 59 7
97 640 8
97 996 10
97 78 8
98 654 3
98 166 7
98 96 3
98 535 4
98 814 6
98 115 2
98 617 2
99 997 7
99 620 9
99 916 9
99 990 5
99 604 3
99 455 4
99 396 7
100 183 3
100 165 4
100 421 5
100 26 9
100 827 5
100 14 3
100 487 7
101 26 9
101 119 6
101 165 5
101 836 8
101 831 4
101 421 7
102 499 4
102 95 7
102 59 4
102 998 8
102 709 10
103 37 3
103 826 2
103 163 10
103 973 10
103 751 10
104 277 3
104 861 2
104 377 4
104 973 7
104 933 9
105 597 6
105 66 6
105 419 5
106 259 8
106 540 7
106 52 3
107 789 4
107 464 10
107 496 3
107 337 7
108 49 6
108 816 7
108 268 5
108 692 10
108 252 7
108 358 10
108 147 5
109 23 6
109 837 4
109 486 10
110 529 4
110 355 6
110 57 4
110 177 6
110 59 9
110 338 6
111 999 8
111 476 7
111 728 5
111 745 8
111 799 9
111 553 7
111 496 5
112 901 3
112 85 5
112 49 8
112 651 4
113 916 2
113 978 3
113 904 2
113 11 2
113 237 8
113 127 3
114 175 10
114 397 9
114 198 3
115 649 6
115 129 8
115 397 3
116 424 9
116 232 5
116 56 7
116 263 3
116 919 3
116 240 6
116 411 6
117 456 3
117 774 3
117 222 6
117 252 10
117 413 7
117 449 10
118 904 3
118 753 3
118 323 3
118 364 8
119 782 8
119 170 6
119 158 7
119 983 9
119 102 5
119 538 9
120 373 2
120 224 3
120 696 4
120 726 9
120 630 10
121 211 6
121 733 7
121 387 4
121 494 8
121 731 7
121 935 4
121 509 2
122 446 4
122 138 7
122 57 6
122 337 9
122 498 9
122 249 4
123 267 6
123 850 4
123 638 2
124 885 7
124 851 4
124 92 5
124 654 5
124 769 7
125 287 3
125 969 2
125 395 5
126 274 6
126 344 5
126 342 2
126 156 7
127 482 7
127 819 4
127 475 9
128 90 7
128 126 3
128 425 10
128 135 6
128 497 6
128 512 9
129 436 8
129 901 6
129 991 7
129 123 4
129 652 2
130 938 2
130 795 5
130 883 10
131 61 3
131 351 4
131 395 5
131 956 8
131 251 6
131 104 4
132 54 7
132 113 6
132 939 4
132 987 8
132 96 4
132 484 8
132 842 2
133 8 10
133 251 2
133 916 8
133 330 2
133 482 3
133 253 4
134 117 7
134 27 5
134 140 7
135 348 9
135 913 6
135 538 8
135 802 3
135 127 6
135 865 6
135 625 8
136 642 5
136 759 4
136 202 3
136 643 4
137 153 5
137 855 2
137 410 7
138 642 5
138 985 8
138 604 10
138 104 9
139 972 3
139 278 2
139 626 3
139 986 6
139 516 4
139 367 10
140 307 8
140 33 5
140 318 8
140 458 6
140 312 9
141 500 8
141 47 7
141 314 3
141 143 4
141 125 2
141 287 7
141 891 9
142 924 7
142 400 6
142 505 6
142 76 3
143 941 8
143 902 9
143 14 7
143 138 3
143 611 6
144 832 8
144 564 7
144 412 4
144 189 5
144 331 3
144 617 9
145 278 7
145 598 4
145 708 2
145 159 10
145 968 8
145 1000 7
146 590 9
146 771 2
146 680 4
147 864 4
147 664 4
147 683 10
147 67 5
147 25 5
147 925 7
148 878 2
148 927 8
148 992 7
148 726 9
148 753 3
148 185 2
148 135 8
149 137 10
149 467 7
149 686 3
149 713 7
149 918 5
149 314 4
150 244 3
150 341 5
150 354 9
150 910 7
150 308 4
150 994 6
151 432 5
151 143 6
151 981 5
152 736 9
152 511 8
152 298 6
152 373 2
153 289 7
153 208 8
153 982 8
154 77 10
154 645 9
154 752 8
154 33 9
154 348 3
154 535 7
155 604 3
155 932 3
155 880 10
155 438 8
155 58 2
155 735 6
155 706 9
156 419 9
156 87 8
156 953 2
156 990 4
156 263 6
156 508 3
156 198 6
157 190 10
157 770 8
157 862 4
158 939 8
158 26 6
158 686 4
159 704 2
159 65 7
159 938 3
160 315 10
160 117 4
160 469 9
161 393 4
161 77 2
161 449 2
161 87 8
161 507 3
162 283 10
162 409 8
162 384 9
162 699 9
162 443 9
162 720 3
162 5 5
163 952 2
163 315 2
163 676 5
163 708 7
163 257 2
163 92 9
163 464 8
164 267 9
164 694 3
164 396 8
164 284 8
164 914 4
164 436 10
164 215 7
165 310 7
165 399 9
165 323 7
165 884 9
165 801 3
166 199 7
166 729 9
166 828 6
166 163 9
167 213 9
167 111 8
167 629 2
167 713 2
167 261 6
167 666 7
168 344 4
168 109 5
168 684 4
168 39 6
168 259 3
168 280 5
169 362 6
169 800 10
169 750 2
170 526 3
170 105 10
170 849 3
171 357 6
171 626 6
171 333 8
171 500 10
171 385 2
171 690 9
171 574 10
172 660 2
172 73 4
172 555 8
172 270 4
172 743 7
172 269 5
172 105 5
173 352 2
173 693 5
173 96 8
173 659 4
173 949 8
173 422 6
174 284 5
174 97 6
174 155 10
175 424 6
175 749 2
175 407 10
175 362 5
176 637 5
176 476 6
176 582 6
176 481 9
176 573 10
176 886 2
176 352 7
177 318 9
177 112 6
177 790 7
178 548 6
178 250 4
178 322 7
178 908 4
178 370 9
178 364 2
178 816 4
179 112 9
179 307 7
179 882 10
179 249 6
179 810 7
179 478 6
180 798 2
180 269 9
180 280 3
180 315 5
180 329 8
180 315 2
180 835 3
181 1000 5
181 43 6
181 747 5
182 687 3
182 96 10
182 891 5
182 528 3
182 360 9
182 968 2
183 261 5
183 733 10
183 376 3
183 367 3
183 308 7
183 77 5
184 219 3
184 316 3
184 723 6
184 711 5
185 916 5
185 251 6
185 734 9
185 222 5
185 790 9
186 161 9
186 280 8
186 844 9
186 561 10
187 765 9
187 530 8
187 806 10
187 261 7
187 204 9
187 600 7
188 883 8
188 192 4
188 407 7
188 72 6
188 216 4
189 238 10
189 396 2
189 594 4
189 93 8
190 501 10
190 306 4
190 860 8
190 320 10
190 31 4
190 871 4
190 158 7
191 967 4
191 203 9
191 735 8
191 499 5
192 982 5
192 983 3
192 213 3
193 255 10
193 790 4
193 942 5
194 522 3
194 340 6
194 951 3
194 381 4
194 574 2
194 464 8
195 296 2
195 917 6
195 510 6
195 52 5
195 198 6
195 201 7
196 617 7
196 973 3
196 757 3
196 634 4
196 553 9
197 721 5
197 567 9
197 812 4
197 806 7
197 94 5
197 632 10
198 581 9
198 846 4
198 941 3
198 422 7
198 914 6
198 879 9
198 497 4
199 912 9
199 63 9
199 309 4
199 409 9
199 880 6
199 26 10
200 431 10
200 756 3
200 557 5
201 235 7
201 493 5
201 645 9
201 885 9
201 843 7
201 108 7
201 389 2
202 762 9
202 528 10
202 46 4
202 771 10
202 390 7
202 270 9
202 17 5
203 58 3
203 631 2
203 878 8
204 112 4
204 715 7
204 230 2
204 989 3
205 440 9
205 255 9
205 916 10
206 277 9
206 5 8
206 183 9
206 900 8
206 303 4
206 403 8
207 652 9
207 539 2
207 33 10
208 92 4
208 515 6
208 439 6
209 635 6
209 287 7
209 36 6
209 553 6
209 181 10
209 967 2
210 598 8
210 912 6
210 136 2
211 981 4
211 375 9
211 181 4
211 172 3
211 352 9
211 266 10
211 526 5
212 542 10
212 569 5
212 17 8
212 91 4
212 493 7
212 997 6
212 712 5
213 399 7
213 144 8
213 177 2
213 425 5
213 888 5
213 613 9
214 94 2
214 294 8
214 238 4
214 865 9
214 384 8
215 760 7
215 543 6
215 792 7
215 396 10
216 268 5
216 977 2
216 427 3
217 418 10
217 949 10
217 440 5
218 458 9
218 660 4
218 336 7
218 657 6
218 236 8
218 103 8
219 367 3
219 836 6
219 117 7
219 443 9
219 908 5
219 795 9
219 791 2
220 244 4
220 56 3
220 208 8
220 235 4
220 319 3
220 396 5
220 651 7
221 748 9
221 601 2
221 693 4
221 475 8
221 623 4
222 548 7
222 95 6
222 684 3
222 204 9
222 291 9
223 898 3
223 56 5
223 871 5
223 57 2
223 321 9
224 874 10
224 349 2
224 569 6
224 196 4
224 22 6
224 42 3
224 138 5
225 5 3
225 716 6
225 160 9
225 40 10
225 488 9
226 458 5
226 396 3
226 613 4
226 865 7
226 507 4
226 380 3
226 756 3
227 79 3
227 309 6
227 590 5
228 310 9
228 291 4
228 294 9
228 424 9
228 386 7
229 846 9
229 54 6
229 6 7
230 334 9
230 615 3
230 376 2
230 796 2
230 747 10
231 201 6
231 132 9
231 818 6
231 837 7
231 780 4
231 942 6
232 914 3
232 918 2
232 261 7
232 503 10
232 12 10
233 231 8
233 969 7
233 146 7
233 485 8
233 769 8
233 938 6
233 222 4
234 358 7
234 908 4
234 543 2
234 994 10
234 41 9
234 976 4
235 131 10
235 725 7
235 951 10
235 364 7
235 873 4
235 714 5
235 451 4
236 573 7
236 279 6
236 57 6
236 625 8
236 81 7
237 711 4
237 905 6
237 181 4
238 213 3
238 185 7
238 59 10
238 278 5
238 875 5
238 521 4
238 283 9
239 831 3
239 476 3
239 574 8
240 529 4
240 708 7
240 14 8
241 970 7
241 175 2
241 353 2
241 154 6
241 532 6
241 97 2
241 564 10
242 687 3
242 98 8
242 592 8
242 548 5
242 787 6
242 444 6
242 146 6
243 749 4
243 306 5
243 975 2
243 3 9
243 630 4
244 238 6
244 898 3
244 968 6
245 452 3
245 438 4
245 33 5
246 858 10
246 760 10
246 319 6
246 461 7
246 594 9
247 728 7
247 7 2
247 736 8
247 912 2
248 347 4
248 701 4
248 929 5
248 247 6
248 69 5
248 650 4
248 92 3
249 875 4
249 443 6
249 117 8
249 268 4
250 989 4
250 144 8
250 152 7
251 497 10
251 93 8
251 233 5
251 997 9
251 530 3
252 34 3
252 584 10
252 211 9
252 575 4
252 350 2
252 787 8
253 86 9
253 10 5
253 712 10
253 712 8
253 780 7
253 911 3
253 591 5
254 545 10
254 214 7
254 845 6
254 381 3
255 946 6
255 740 9
255 480 3
255 558 3
255 979 8
256 234 6
256 200 6
256 895 6
256 333 4
256 238 7
256 904 4
257 959 9
257 199 6
257 848 7
257 49 2
257 595 3
257 554 2
257 826 8
258 588 5
258 346 10
258 176 2
258 938 7
258 698 5
258 766 6
258 270 2
259 186 10
259 415 8
259 611 5
259 368 3
259 784 4
260 751 2
260 510 2
260 703 8
261 594 7
261 491 5
261 494 2
262 173 10
262 957 5
262 990 5
263 967 5
263 76 7
263 551 9
263 453 7
263 978 6
264 177 9
264 352 3
264 330 9
264 768 8
264 790 7
265 111 3
265 305 8
265 538 7
265 958 10
265 1 2
265 502 7
266 735 2
266 957 4
266 550 8
266 539 3
267 853 3
267 239 2
267 501 9
268 511 10
268 235 10
268 428 3
268 249 8
268 786 2
269 337 4
269 383 9
269 212 8
270 330 8
270 797 2
270 334 8
271 441 7
271 357 5
271 559 10
271 169 7
272 321 4
272 76 7
272 409 7
272 918 7
272 698 2
273 157 10
273 394 3
273 907 2
273 712 4
273 427 9
273 248 9
274 866 6
274 131 4
274 936 3
274 67 10
274 278 7
274 206 7
274 470 10
275 740 5
275 498 9
275 161 7
275 92 7
276 131 4
276 788 4
276 624 4
276 832 5
276 972 7
276 595 2
276 166 3
277 543 8
277 139 10
277 865 3
277 25 3
277 509 8
277 56 9
278 970 8
278 607 10
278 82 4
278 883 3
279 668 8
279 124 6
279 818 7
279 328 2
279 898 8
279 523 5
280 884 9
280 923 5
280 813 4
280 577 5
280 574 6
280 459 10
281 965 3
281 229 9
281 904 9
282 824 8
282 91 8
282 974 4
282 830 7
282 711 10
282 835 3
282 701 6
283 386 3
283 398 7
283 876 5
283 150 3
283 330 10
283 743 8
283 604 6
284 326 2
284 573 7
284 162 10
284 260 2
284 746 3
284 660 5
285 840 8
285 811 9
285 19 9
286 707 10
286 454 7
286 579 10
286 187 6
287 403 8
287 27 3
287 284 4
288 791 8
288 383 7
288 222 4
289 902 8
289 424 5
289 771 6
289 570 10
289 696 5
289 332 3
290 159 4
290 661 6
290 295 3
290 850 2
291 132 4
291 770 3
291 693 5
291 619 3
291 446 7
291 476 6
291 744 8
292 784 4
292 980 3
292 146 2
292 299 2
292 477 8
292 879 9
293 97 8
293 382 6
293 317 3
293 538 9
293 360 3
294 260 10
294 613 9
294 723 4
294 944 2
294 852 2
295 848 2
295 20 7
295 775 7
295 291 6
295 981 8
295 610 7
295 39 5
296 69 7
296 104 3
296 973 7
296 574 8
297 341 4
297 643 9
297 175 7
297 181 3
297 76 2
297 49 5
297 115 6
298 449 4
298 623 6
298 360 5
298 295 7
298 389 2
298 366 7
299 374 4
299 743 7
299 153 5
299 207 2
299 771 3
299 617 9
300 593 5
300 812 7
300 576 5
300 645 3
300 732 7
301 316 9
301 165 3
301 992 2
301 845 5
302 899 2
302 527 4
302 749 3
303 602 2
303 250 2
303 144 3
303 870 10
304 533 10
304 670 7
304 51 4
304 530 7
304 326 10
304 227 3
304 333 3
305 784 6
305 167 4
305 34 9
305 488 5
305 260 3
305 755 8
306 381 6
306 571 6
306 522 10
306 293 3
306 170 10
307 761 8
307 36 9
307 250 4
307 745 5
308 848 3
308 25 7
308 915 10
309 214 5
309 196 2
309 301 5
309 124 3
309 137 6
309 728 10
309 893 3
310 715 5
310 942 5
310 128 2
310 528 10
310 842 4
310 671 4
311 909 10
311 762 3
311 521 10
311 834 4
311 401 3
312 717 10
312 661 3
312 414 4
312 653 4
313 325 3
313 215 4
313 961 7
313 675 4
314 478 4
314 398 7
314 842 4
314 838 7
315 54 10
315 775 2
315 621 10
316 100 10
316 420 8
316 610 8
317 378 9
317 424 9
317 921 5
317 665 10
318 117 9
318 113 6
318 679 8
319 912 7
319 377 7
319 489 7
319 970 6
319 91 3
319 327 10
319 490 2
320 928 3
320 175 5
320 92 6
320 49 5
321 815 5
321 64 9
321 153 9
321 994 2
322 16 5
322 647 3
322 37 6
322 975 3
323 945 8
323 31 2
323 99 10
323 150 7
324 998 6
324 172 9
324 113 9
324 969 10
324 624 2
324 364 4
325 200 2
325 372 5
325 679 5
325 153 3
326 898 3
326 23 10
326 175 9
326 511 4
326 387 5
327 854 10
327 118 8
327 842 9
327 950 9
327 140 2
328 964 6
328 572 9
328 388 8
328 753 4
328 499 9
328 819 4
329 850 7
329 464 3
329 407 9
329 897 2
329 895 5
329 730 9
329 420 7
330 982 6
330 572 2
330 363 8
330 668 10
331 144 6
331 121 6
331 734 5
331 412 10
331 295 10
331 692 8
331 415 10
332 723 8
332 836 3
332 962 4
332 380 2
332 91 4
332 774 2
333 529 2
333 777 4
333 721 2
333 933 4
333 978 6
333 645 9
334 198 4
334 187 7
334 607 6
335 948 6
335 215 2
335 676 9
336 973 2
336 414 6
336 224 8
336 748 7
337 988 10
337 869 5
337 267 4
337 883 9
337 632 9
338 889 4
338 463 4
338 95 4
339 967 7
339 268 3
339 69 7
340 833 6
340 1000 6
340 667 4
341 757 8
341 485 3
341 621 8
342 193 5
342 135 4
342 291 2
342 180 6
342 379 2
342 221 8
343 792 9
343 582 8
343 517 6
343 541 8
343 466 9
344 264 2
344 861 2
344 43 8
344 396 9
344 510 2
345 367 10
345 75 8
345 739 9
345 924 7
345 208 3
345 299 8
346 279 2
346 729 3
346 385 8
346 356 2
346 661 9
346 389 8
346 930 6
347 721 7
347 624 8
347 842 8
347 923 2
347 460 5
347 780 6
347 40 10
348 453 7
348 664 6
348 991 6
348 999 6
349 507 5
349 174 7
349 575 7
349 962 6
349 591 6
349 647 9
350 335 3
350 989 10
350 121 2
350 152 5
350 994 7
351 309 4
351 459 10
351 601 6
351 234 5
351 974 4
352 983 9
352 25 7
352 480 2
352 381 5
353 945 6
353 473 8
353 121 2
353 871 8
353 306 3
353 278 10
354 343 3
354 658 5
354 899 10
354 436 9
354 746 3
354 67 2
355 830 10
355 155 3
355 347 3
355 624 7
355 626 7
355 496 8
355 505 7
356 141 8
356 675 10
356 621 10
356 559 8
357 838 8
357 649 2
357 41 3
357 6 6
357 213 5
357 986 2
358 590 9
358 739 5
358 545 4
358 604 9
358 884 10
359 658 9
359 863 3
359 354 3
359 347 10
360 457 4
360 448 5
360 599 5
361 265 3
361 106 3
361 742 10
361 802 4
362 621 3
362 661 9
362 152 6
363 316 10
363 316 5
363 366 3
363 968 5
364 803 8
364 891 6
364 461 9
365 336 10
365 674 9
365 582 9
365 879 6
365 785 9
365 379 2
365 826 9
366 764 10
366 279 3
366 513 8
366 630 3
366 261 10
366 950 3
367 875 3
367 827 2
367 151 6
367 260 10
367 850 4
368 468 8
368 459 9
368 810 4
368 733 9
368 114 4
368 639 5
368 95 10
369 383 6
369 762 4
369 483 2
369 257 4
369 46 2
370 820 5
370 640 4
370 240 8
370 963 9
370 965 2
371 638 4
371 738 3
371 478 7
371 987 7
371 543 8
371 714 9
372 538 10
372 635 6
372 774 5
372 997 9
372 6 7
372 856 5
373 712 6
373 162 4
373 738 7
373 529 2
374 153 4
374 583 7
374 278 9
375 847 6
375 810 7
375 720 5
375 725 9
375 727 5
375 866 3
375 785 3
376 313 3
376 838 7
376 971 4
376 555 5
376 152 6
377 252 3
377 994 8
377 729 8
377 879 3
377 100 2
378 132 6
378 772 3
378 624 6
378 796 6
378 359 3
378 838 7
379 798 4
379 204 9
379 739 7
380 97 6
380 669 9
380 620 3
380 59 4
380 225 5
380 826 10
381 705 4
381 237 7
381 36 7
382 734 7
382 621 9
382 734 5
382 391 6
382 777 9
382 107 6
382 3 6
383 293 7
383 980 8
383 794 5
384 593 10
384 407 8
384 190 9
384 605 8
384 589 10
384 765 3
385 356 4
385 156 8
385 225 7
385 427 3
385 728 3
386 56 5
386 12 2
386 490 3
386 751 7
386 168 3
386 427 2
387 358 7
387 380 5
387 626 6
388 80 10
388 301 10
388 654 6
388 128 4
388 159 9
388 202 4
388 804 6
389 577 8
389 8 8
389 787 10
389 423 10
389 272 9
389 697 4
389 270 10
390 714 10
390 925 9
390 599 4
390 651 3
391 996 9
391 778 10
391 624 10
391 821 3
391 551 5
391 72 10
391 169 8
392 424 8
392 337 2
392 638 3
392 979 9
392 544 10
393 804 8
393 960 5
393 706 2
393 481 8
393 267 3
393 108 6
394 591 9
394 732 8
394 664 9
394 206 3
394 668 5
394 280 9
394 713 7
395 267 9
395 456 5
395 163 10
395 132 5
395 108 10
395 186 3
395 28 3
396 912 7
396 72 6
396 45 6
396 444 7
396 134 10
397 447 5
397 483 10
397 508 4
398 492 8
398 941 8
398 779 10
398 446 10
398 381 10
398 883 5
398 241 9
399 841 6
399 101 2
399 163 7
399 2 7
399 623 10
399 617 5
400 848 5
400 944 8
400 717 2
400 18 2
400 653 7
400 449 5
401 586 4
401 445 6
401 209 6
401 420 3
401 842 9
402 270 8
402 888 8
402 621 6
402 55 9
403 181 7
403 713 7
403 551 2
403 753 6
403 516 7
403 801 10
403 633 4
404 407 8
404 244 6
404 801 2
405 955 3
405 531 6
405 648 3
405 6 7
405 601 6
406 871 8
406 124 2
406 424 2
406 990 3
406 460 9
407 63 6
407 528 10
407 41 7
407 372 2
407 641 3
407 710 3
408 895 2
408 906 5
408 788 4
408 846 5
408 75 8
408 822 9
409 642 6
409 154 4
409 469 6
409 519 6
409 680 6
409 821 10
409 956 6
410 769 7
410 116 6
410 478 5
411 799 7
411 94 4
411 877 3
412 420 4
412 703 10
412 666 3
412 99 5
412 608 10
413 289 2
413 268 8
413 415 10
414 61 9
414 347 2
414 898 8
414 11 10
414 682 8
414 71 5
414 240 3
415 743 5
415 441 7
415 85 8
415 443 8
416 146 3
416 970 7
416 125 7
416 601 4
416 142 6
416 748 5
417 282 6
417 572 5
417 283 9
417 896 6
417 400 4
418 831 2
418 338 6
418 501 3
418 408 10
419 113 7
419 302 6
419 889 9
419 585 4
420 14 7
420 214 10
420 184 5
420 713 7
421 890 4
421 177 9
421 139 9
421 93 3
421 888 9
421 408 8
422 800 4
422 868 4
422 775 10
423 4 3
423 292 9
423 176 7
423 420 6
423 857 10
423 768 4
423 463 5
424 93 8
424 651 4
424 511 9
425 257 6
425 132 4
425 72 8
426 600 9
426 106 7
426 220 9
426 321 2
427 930 5
427 468 9
427 933 9
428 798 2
428 265 4
428 201 9
428 461 6
429 915 9
429 204 3
429 892 4
429 758 9
429 629 3
429 279 9
429 940 10
430 534 4
430 560 2
430 16 10
430 905 6
431 309 10
431 222 4
431 842 10
431 310 5
431 756 10
432 51 2
432 757 6
432 924 7
432 80 6
432 704 9
432 209 8
432 829 4
433 265 5
433 186 10
433 388 7
433 969 2
434 780 7
434 710 7
434 225 3
434 985 8
434 68 2
435 63 2
435 937 4
435 993 2
435 325 2
436 678 2
436 213 10
436 329 6
436 605 6
436 392 9
436 607 10
437 694 6
437 135 10
437 85 9
437 818 6
437 459 7
438 716 4
438 678 10
438 980 10
438 971 7
439 244 6
439 826 4
439 603 3
439 492 3
440 444 8
440 567 5
440 466 7
440 191 7
440 487 10
441 156 2
441 151 5
441 459 8
441 513 9
441 771 8
441 459 9
442 191 8
442 572 3
442 467 4
442 564 3
442 178 7
442 652 8
443 720 9
443 180 4
443 113 8
443 776 9
443 524 6
443 856 3
443 351 6
444 940 4
444 583 3
444 3 9
444 603 4
444 12 8
445 637 9
445 619 3
445 226 4
446 851 5
446 368 5
446 315 6
446 612 4
446 357 8
446 607 4
446 774 3
447 952 10
447 821 4
447 276 2
447 980 10
447 282 7
448 369 2
448 246 9
448 351 9
448 26 6
448 460 10
449 11 7
449 278 9
449 539 8
450 678 10
450 695 4
450 766 9
450 668 5
451 468 2
451 340 6
451 544 5
451 271 2
452 761 8
452 307 10
452 724 5
452 831 2
452 501 9
453 640 5
453 153 8
453 375 8
454 560 9
454 823 6
454 801 10
454 459 3
455 396 2
455 463 2
455 945 3
455 181 2
455 698 7
455 607 6
455 519 4
456 187 4
456 988 5
456 712 8
456 434 6
457 631 5
457 209 6
457 1000 5
457 311 9
457 269 7
457 661 6
458 975 7
458 234 9
458 33 3
458 386 6
458 502 3
458 945 8
458 354 9
459 962 2
459 944 3
459 135 9
459 881 7
459 831 9
460 407 3
460 827 2
460 97 8
461 717 6
461 26 10
461 32 2
461 821 10
461 341 4
462 736 10
462 820 5
462 934 10
463 2 8
463 565 4
463 701 9
463 322 2
463 990 6
463 758 10
463 480 2
464 591 6
464 659 7
464 688 7
464 532 2
464 801 8
465 352 4
465 416 5
465 932 8
465 973 6
465 758 7
465 759 2
466 974 10
466 503 7
466 811 6
466 714 4
466 470 3
466 143 8
466 350 6
467 980 5
467 12 5
467 966 6
467 329 2
467 826 2
467 201 10
468 969 9
468 674 2
468 861 7
469 906 2
469 503 3
469 507 5
469 611 7
469 325 10
469 348 9
470 778 10
470 119 10
470 342 8
470 870 4
471 769 9
471 12 9
471 728 4
472 541 6
472 633 3
472 963 2
473 674 2
473 323 9
473 956 2
473 374 9
474 328 6
474 987 4
474 544 6
474 925 7
474 388 10
475 455 9
475 160 10
475 623 9
476 698 3
476 58 5
476 862 10
476 514 4
476 67 2
477 646 3
477 465 3
477 729 2
477 139 9
477 289 5
477 707 3
477 656 9
478 972 3
478 553 7
478 83 6
479 190 8
479 821 7
479 592 10
479 207 4
480 887 9
480 876 6
480 361 8
480 789 8
480 82 6
480 823 2
481 662 8
481 406 4
481 28 2
481 883 6
481 210 9
481 328 2
481 112 6
482 365 5
482 434 4
482 355 4
482 304 3
482 448 4
482 327 7
482 192 4
483 484 2
483 376 2
483 848 2
483 400 9
483 767 4
483 512 6
483 766 2
484 625 8
484 957 2
484 723 2
484 346 7
484 283 3
485 117 8
485 321 5
485 372 5
485 747 8
485 890 2
485 601 3
486 675 10
486 398 5
486 534 7
486 581 8
487 612 8
487 135 4
487 491 4
487 371 10
487 217 5
487 215 10
487 185 10
488 604 10
488 125 6
488 788 5
489 734 2
489 675 4
489 425 7
489 453 2
489 434 6
489 904 9
489 236 10
490 857 5
490 807 6
490 325 3
490 285 5
490 94 10
490 605 6
490 999 4
491 649 8
491 967 6
491 441 8
491 216 4
491 204 4
491 31 10
492 510 2
492 738 6
492 169 9
492 6 7
492 519 8
492 357 3
493 981 5
493 527 7
493 773 9
493 268 4
493 51 5
494 851 3
494 770 3
494 224 9
494 870 5
494 213 4
495 303 10
495 852 8
495 563 9
495 677 9
495 650 8
495 233 5
495 377 6
496 23 8
496 571 4
496 753 2
497 20 9
497 355 10
497 450 3
497 740 5
497 285 2
498 550 3
498 831 4
498 904 4
498 723 10
498 410 10
499 211 10
499 364 9
499 660 2
499 372 7
499 527 3
499 982 4
500 528 7
500 224 10
500 261 5
500 53 3
500 340 4
500 319 3
500 82 8
501 95 9
501 559 8
501 23 4
501 998 7
502 601 4
502 131 8
502 250 8
502 300 4
502 679 10
503 173 9
503 486 6
503 233 8
503 190 4
503 625 3
503 424 6
504 190 2
504 438 6
504 939 6
504 980 10
504 430 8
504 490 2
505 593 3
505 20 7
505 10 2
505 874 10
505 361 3
505 9 4
505 994 7
506 631 3
506 281 9
506 135 8
506 156 8
506 680 4
506 13 6
507 861 10
507 212 3
507 26 3
507 356 4
508 421 6
508 980 5
508 272 6
509 701 3
509 104 3
509 859 9
510 799 6
510 982 5
510 741 5
511 187 7
511 171 7
511 630 7
511 74 9
511 636 2
511 699 5
511 500 8
512 62 3
512 101 2
512 750 8
512 964 2
512 854 5
512 413 3
512 457 3
513 336 5
513 40 7
513 71 9
513 120 8
514 366 7
514 518 7
514 45 10
514 354 4
514 942 8
514 947 3
515 505 9
515 992 7
515 102 8
516 850 4
516 858 9
516 284 4
516 752 7
516 976 4
516 539 8
517 81 3
517 320 8
517 918 2
518 405 5
518 495 10
518 610 7
518 220 7
518 178 7
519 700 10
519 416 3
519 398 8
520 521 10
520 959 8
520 516 10
520 22 4
520 296 8
521 517 8
521 142 6
521 573 10
521 416 2
521 660 9
521 550 9
522 532 6
522 941 9
522 545 9
522 703 6
522 784 10
522 770 5
522 514 10
523 738 7
523 291 7
523 665 6
523 513 7
523 441 7
524 279 7
524 623 5
524 913 10
524 695 4
525 389 3
525 671 2
525 212 6
525 721 4
525 78 10
526 27 5
526 963 3
526 323 6
526 814 3
527 970 10
527 532 8
527 181 5
527 97 7
527 690 9
528 63 7
528 431 3
528 84 9
529 71 3
529 981 2
529 125 8
529 177 7
529 525 8
529 210 7
530 857 6
530 544 6
530 234 2
530 963 2
530 243 9
531 945 8
531 183 4
531 315 2
531 978 8
531 294 2
531 698 5
531 5 4
532 371 2
532 357 7
532 370 7
532 430 10
532 128 8
532 836 7
532 428 5
533 375 8
533 639 2
533 900 6
533 951 6
533 605 2
533 613 7
534 717 6
534 73 6
534 630 10
534 216 9
535 782 10
535 906 6
535 92 5
535 578 9
535 443 5
536 617 10
536 203 2
536 668 3
536 713 3
536 565 6
536 466 3
537 531 3
537 849 5
537 792 8
537 982 2
537 103 5
538 555 6
538 202 3
538 249 6
539 408 2
539 270 7
539 206 5
539 343 6
539 300 2
539 105 9
539 748 8
540 793 5
540 971 2
540 718 4
540 720 2
540 525 7
541 877 2
541 788 9
541 936 7
541 215 9
541 571 3
542 575 3
542 349 5
542 223 3
542 380 4
543 806 9
543 607 4
543 211 6
543 810 4
543 954 10
543 817 10
544 916 3
544 776 2
544 309 2
544 577 8
544 783 3
544 620 8
544 996 10
545 168 8
545 669 4
545 365 10
546 591 10
546 543 2
546 16 6
546 999 7
547 448 10
547 961 8
547 196 7
547 168 2
547 170 4
548 313 9
548 993 4
548 813 10
548 612 7
548 497 3
548 424 3
549 434 5
549 927 7
549 808 7
549 374 4
549 976 7
549 234 10
549 456 4
550 290 7
550 933 5
550 54 4
550 326 6
551 603 4
551 375 4
551 406 3
551 452 8
551 266 7
551 446 7
552 376 3
552 153 4
552 772 8
552 225 9
553 775 9
553 34 2
553 838 2
553 321 5
553 981 8
554 956 5
554 43 4
554 264 10
554 324 9
554 766 6
555 988 4
555 415 5
555 595 9
555 509 6
555 262 9
555 98 10
555 70 2
556 578 3
556 719 3
556 977 3
556 385 8
556 193 5
556 337 7
557 521 9
557 129 7
557 568 3
558 964 3
558 40 3
558 795 9
558 584 7
558 831 6
558 728 8
558 641 3
559 864 10
559 266 9
559 991 5
559 56 9
560 727 8
560 463 4
560 761 8
561 534 6
561 871 6
561 230 3
562 745 3
562 798 10
562 37 2
563 662 10
563 788 8
563 101 5
563 588 10
563 349 4
563 555 2
564 922 2
564 498 6
564 710 3
564 23 4
564 402 9
565 983 8
565 829 9
565 35 8
565 799 10
565 122 5
565 404 8
566 393 10
566 784 10
566 512 6
566 36 3
566 687 8
566 886 4
567 823 4
567 283 10
567 180 2
568 3 7
568 498 7
568 754 5
569 452 5
569 727 5
569 439 3
569 205 5
569 519 9
569 63 2
570 869 8
570 934 2
570 973 6
570 791 4
571 971 7
571 327 6
571 654 7
571 121 5
571 646 6
571 341 9
571 827 4
572 176 8
572 623 8
572 666 5
572 865 10
572 389 3
573 520 5
573 823 9
573 271 6
573 76 10
574 887 3
574 137 8
574 382 8
574 217 6
574 783 7
575 436 5
575 150 6
575 587 4
575 269 3
575 9 2
576 315 8
576 46 3
576 861 5
576 72 3
576 708 10
576 314 9
577 47 9
577 194 10
577 97 10
577 187 9
578 358 9
578 610 9
578 738 5
579 418 7
579 919 8
579 486 8
579 892 7
579 701 10
579 190 10
579 10 2
580 204 7
580 179 8
580 802 3
580 426 7
581 345 8
581 348 4
581 710 6
581 976 5
581 388 6
581 749 7
582 995 6
582 785 8
582 394 9
582 462 10
583 549 4
583 112 7
583 115 7
583 945 4
583 305 7
583 388 4
584 541 4
584 431 4
584 726 10
584 633 6
584 714 3
584 195 8
584 362 9
585 197 8
585 34 6
585 704 8
585 115 7
585 800 3
585 200 4
585 596 4
586 137 8
586 876 9
586 768 3
586 572 3
586 168 5
586 397 4
587 522 7
587 51 3
587 500 9
588 585 8
588 146 9
588 422 9
588 836 6
588 788 3
588 317 9
588 824 3
589 937 3
589 518 9
589 952 9
589 603 4
590 967 3
590 610 8
590 542 3
590 331 9
590 242 7
590 353 5
590 640 9
591 716 3
591 210 8
591 807 5
591 194 9
591 664 3
591 77 8
592 210 9
592 789 7
592 586 4
592 289 9
592 323 2
593 477 3
593 871 8
593 251 7
593 501 7
594 19 5
594 959 9
594 715 4
594 404 2
594 896 5
594 995 9
594 611 7
595 439 10
595 760 2
595 139 2
596 365 6
596 156 9
596 711 8
596 875 7
596 487 2
597 943 9
597 219 3
597 478 9
597 917 3
597 557 6
597 628 7
597 491 6
598 551 10
598 586 4
598 675 8
599 258 2
599 933 3
599 615 5
599 114 2
600 285 5
600 451 2
600 499 8
601 678 10
601 148 5
601 841 10
601 983 8
602 617 3
602 515 8
602 377 3
602 111 6
602 281 4
603 753 10
603 519 5
603 495 9
603 577 5
604 283 4
604 72 5
604 905 4
604 906 10
605 123 3
605 94 8
605 464 10
605 782 9
605 898 5
606 723 9
606 277 3
606 595 8
606 598 5
606 672 4
606 229 3
606 882 7
607 365 7
607 10 4
607 415 6
608 278 6
608 193 7
608 212 9
608 92 3
608 80 6
609 358 2
609 297 6
609 786 6
609 231 4
609 577 7
609 873 5
609 324 6
610 158 3
610 879 3
610 326 5
610 656 3
610 442 2
610 335 7
610 607 3
611 214 6
611 946 9
611 800 2
611 398 6
611 768 6
611 589 5
612 703 6
612 70 10
612 857 10
612 747 2
613 279 9
613 649 5
613 530 4
614 33 6
614 55 6
614 714 2
614 419 4
614 354 3
615 54 5
615 130 6
615 343 7
615 803 10
616 950 3
616 99 6
616 212 7
617 707 6
617 208 9
617 21 3
617 25 6
617 354 2
617 370 5
618 980 7
618 65 6
618 463 3
618 30 10
618 493 8
619 82 7
619 10 7
619 667 2
619 448 8
619 689 2
620 465 2
620 279 8
620 278 8
620 857 10
620 693 6
620 166 9
621 654 4
621 79 9
621 77 8
621 362 9
621 965 2
622 816 3
622 334 2
622 454 7
622 115 9
622 334 9
622 985 7
623 274 8
623 444 8
623 426 7
623 54 3
623 391 6
624 335 6
624 501 6
624 975 10
624 808 8
624 163 8
624 954 9
624 379 8
625 536 6
625 90 7
625 671 9
625 43 2
625 978 5
625 674 2
626 953 6
626 96 4
626 214 6
626 657 10
627 200 3
627 923 2
627 761 9
627 257 8
628 934 9
628 546 3
628 162 5
628 436 6
628 428 6
629 900 3
629 858 8
629 412 2
629 460 5
630 909 7
630 512 4
630 376 9
630 127 6
630 791 6
630 300 7
631 268 3
631 950 2
631 404 3
631 176 10
632 554 9
632 991 3
632 202 5
632 240 3
632 435 8
633 7 8
633 260 4
633 934 5
633 953 10
634 751 2
634 999 8
634 582 6
634 523 8
635 124 10
635 364 2
635 876 4
635 60 7
635 415 6
635 987 2
636 73 4
636 716 4
636 420 10
637 312 4
637 649 3
637 856 6
637 232 10
637 629 7
638 66 9
638 862 2
638 240 4
638 649 3
638 546 7
639 626 4
639 870 5
639 300 4
639 875 7
639 225 4
639 121 3
639 154 8
640 221 7
640 745 6
640 755 6
640 757 7
641 133 9
641 248 9
641 99 4
641 338 9
641 449 4
642 655 6
642 46 2
642 648 6
642 878 7
643 917 7
643 522 6
643 544 9
644 602 6
644 940 10
644 118 9
644 218 3
645 448 2
645 390 3
645 31 3
645 620 2
646 667 8
646 218 3
646 615 5
647 985 5
647 612 10
647 740 3
648 237 4
648 923 10
648 187 3
648 142 9
648 602 10
649 655 7
649 439 6
649 554 4
650 1 6
650 556 2
650 649 8
650 738 7
650 111 2
651 934 4
651 265 3
651 109 2
651 933 4
651 964 2
651 6 2
651 966 2
652 449 10
652 192 7
652 330 9
652 611 2
652 745 10
652 344 8
652 258 2
653 507 8
653 884 5
653 834 6
653 572 7
653 905 8
653 381 8
654 860 2
654 441 9
654 342 2
654 537 3
654 899 7
654 651 2
655 294 8
655 190 7
655 228 9
655 35 3
655 627 7
656 27 10
656 918 3
656 788 8
656 576 4
656 20 6
656 180 10
657 669 2
657 301 8
657 900 10
657 922 7
658 98 10
658 814 8
658 371 6
658 54 8
658 400 10
659 339 9
659 226 9
659 932 2
659 390 7
660 297 5
660 740 10
660 353 8
660 9 4
661 867 8
661 754 9
661 7 9
662 956 6
662 840 7
662 423 2
662 275 9
662 882 2
663 414 10
663 968 8
663 438 2
664 82 4
664 241 10
664 486 7
664 102 5
664 864 7
664 809 8
664 30 10
665 895 7
665 951 6
665 663 2
666 684 9
666 953 9
666 146 8
666 347 9
666 580 2
667 781 8
667 792 8
667 364 9
667 551 6
667 288 8
667 89 5
667 459 2
668 874 5
668 721 9
668 702 7
668 736 10
668 493 6
668 585 3
668 440 5
669 502 10
669 644 4
669 906 9
669 519 6
670 746 10
670 1000 6
670 428 5
670 368 7
671 18 9
671 12 3
671 964 10
672 38 5
672 284 3
672 472 2
673 903 4
673 685 9
673 414 6
673 407 10
673 384 6
673 253 2
673 267 3
674 617 3
674 92 4
674 597 2
674 830 3
675 846 10
675 707 8
675 101 10
676 557 4
676 175 7
676 583 4
676 51 4
676 790 8
676 583 8
676 233 10
677 1000 10
677 594 6
677 95 6
678 714 7
678 721 6
678 270 9
678 376 8
679 286 7
679 950 6
679 941 3
679 350 7
679 675 3
679 648 9
680 852 3
680 503 10
680 858 9
680 827 6
680 261 2
681 41 2
681 601 2
681 758 6
681 859 2
681 606 2
682 289 4
682 686 4
682 912 5
682 885 4
682 249 4
683 352 6
683 536 3
683 384 9
683 731 4
684 773 5
684 676 5
684 412 3
684 480 4
684 320 9
685 264 7
685 166 6
685 93 6
685 680 3
686 268 10
686 765 7
686 995 6
686 552 10
686 542 8
686 485 8
687 847 7
687 493 6
687 470 7
688 56 4
688 269 5
688 948 5
688 95 8
689 165 4
689 807 2
689 433 3
689 441 10
689 562 2
690 655 3
690 922 3
690 617 8
691 741 6
691 155 3
691 53 3
691 995 9
691 728 2
691 255 8
691 701 10
692 94 10
692 651 5
692 569 5
692 341 9
692 678 10
692 298 10
692 926 2
693 503 5
693 681 4
693 651 2
693 484 8
693 3 3
693 593 3
694 292 10
694 189 7
694 942 2
695 288 4
695 151 8
695 84 4
695 633 5
695 902 9
695 18 5
695 826 2
696 836 6
696 435 8
696 271 2
696 34 5
696 395 5
696 546 5
697 321 6
697 903 3
697 447 10
697 637 9
697 980 10
697 9 7
698 977 3
698 174 2
698 692 10
698 47 3
698 549 9
698 2 3
699 90 9
699 750 5
699 155 5
699 159 2
699 140 10
700 295 8
700 168 3
700 955 2
700 985 4
700 688 6
700 938 10
701 641 6
701 830 7
701 279 10
701 465 8
702 255 5
702 841 7
702 844 3
702 751 4
702 848 10
702 305 7
703 629 6
703 550 2
703 907 10
703 607 4
703 118 4
703 502 2
703 588 8
704 174 6
704 826 4
704 346 5
705 102 2
705 252 10
705 993 5
705 794 7
706 984 2
706 349 6
706 213 9
707 946 3
707 455 10
707 303 8
708 550 8
708 466 2
708 677 9
708 839 2
708 596 7
708 478 8
709 305 3
709 492 4
709 721 6
709 82 3
710 946 8
710 635 5
710 918 6
711 681 2
711 359 10
711 295 4
711 249 7
712 182 2
712 763 5
712 179 2
712 404 8
712 684 2
712 740 8
712 787 3
713 203 4
713 141 6
713 536 8
714 580 9
714 894 10
714 565 10
715 273 8
715 571 3
715 778 10
715 95 4
715 46 3
716 381 10
716 398 3
716 689 10
716 372 5
716 567 5
716 119 9
716 799 6
717 646 4
717 456 10
717 424 9
717 150 4
717 272 8
717 761 9
718 272 10
718 735 10
718 711 8
718 512 7
718 928 2
719 981 3
719 955 6
719 588 2
719 671 5
720 466 5
720 614 9
720 795 8
720 327 4
720 830 4
720 811 5
720 638 2
721 259 5
721 815 4
721 240 10
721 600 2
722 243 10
722 9 2
722 429 3
723 844 4
723 65 7
723 866 9
723 704 4
723 37 6
723 599 9
724 930 9
724 612 10
724 493 3
724 306 10
724 674 6
724 742 5
725 291 2
725 942 9
725 879 8
725 320 3
725 266 5
726 919 6
726 734 4
726 170 8
726 746 10
726 210 6
726 798 4
726 502 10
727 454 6
727 103 7
727 700 3
727 791 5
727 177 7
727 998 9
727 597 10
728 915 5
728 865 2
728 767 3
728 668 4
728 502 4
728 281 2
729 365 8
729 434 2
729 183 2
729 78 4
729 4 7
729 274 3
730 877 8
730 538 9
730 895 4
730 66 4
730 902 3
731 304 10
731 720 9
731 499 9
731 36 4
731 222 3
731 694 2
731 54 4
732 535 8
732 223 5
732 303 5
732 325 4
733 275 9
733 195 8
733 41 2
733 303 10
733 24 6
733 144 2
734 529 5
734 632 9
734 296 2
734 437 5
734 895 9
734 194 9
735 697 6
735 28 5
735 522 3
736 788 7
736 723 7
736 186 4
736 199 4
736 790 4
736 764 4
736 192 2
737 21 6
737 933 5
737 964 6
737 655 5
737 279 3
737 334 5
738 857 3
738 387 7
738 897 9
738 591 5
739 862 8
739 353 4
739 806 7
740 160 2
740 770 4
740 263 5
740 728 6
740 750 6
740 735 7
740 489 9
741 811 4
741 328 3
741 98 10
741 833 8
741 864 7
741 148 7
742 109 6
742 715 4
742 525 8
742 761 8
742 223 6
742 464 10
742 582 10
743 490 2
743 975 9
743 999 2
743 492 5
743 299 8
743 940 2
744 661 4
744 797 2
744 708 2
744 33 4
744 132 9
744 144 7
745 697 9
745 907 9
745 85 6
745 807 4
745 740 6
745 683 9
746 278 3
746 694 7
746 698 9
746 182 8
746 430 9
746 720 7
746 949 10
747 318 9
747 528 2
747 637 5
747 702 9
748 550 10
748 101 8
748 543 6
749 820 9
749 141 8
749 602 2
749 635 5
749 821 9
749 634 6
750 674 3
750 948 3
750 319 4
751 869 9
751 904 10
751 339 6
752 119 3
752 476 10
752 274 10
752 713 6
753 818 8
753 297 4
753 659 3
753 888 7
753 95 9
753 212 4
753 925 6
754 719 8
754 898 4
754 229 6
754 449 2
755 718 2
755 356 3
755 47 2
755 656 4
755 379 7
755 554 7
755 148 5
756 979 6
756 359 5
756 696 6
756 535 9
756 664 4
757 533 4
757 35 6
757 138 2
758 834 8
758 440 7
758 656 10
758 95 3
759 426 10
759 525 3
759 576 10
759 681 4
759 297 5
760 130 2
760 750 4
760 679 6
760 281 7
761 277 6
761 452 6
761 433 2
762 280 10
762 308 9
762 973 2
762 555 4
762 49 7
763 61 2
763 109 8
763 711 5
763 289 6
763 514 6
763 239 10
764 58 3
764 854 7
764 794 7
764 415 7
764 203 2
764 939 6
764 927 3
765 269 9
765 467 2
765 446 5
766 714 10
766 825 9
766 823 9
766 184 6
766 823 9
766 460 4
767 601 9
767 56 6
767 972 4
768 991 8
768 737 2
768 698 8
768 700 7
768 316 3
768 68 9
769 4 8
769 59 9
769 611 9
770 751 5
770 852 6
770 866 9
770 769 6
771 418 10
771 280 4
771 99 2
771 195 2
771 864 9
771 971 10
772 436 3
772 285 8
772 346 4
772 186 4
772 574 10
772 381 8
772 787 8
773 759 9
773 451 2
773 341 6
773 530 6
773 325 8
773 59 7
774 515 2
774 67 4
774 476 8
774 963 5
774 913 5
774 153 3
774 106 2
775 264 10
775 291 8
775 122 4
775 520 10
775 512 8
775 634 8
776 50 7
776 518 7
776 460 9
776 662 9
776 481 8
776 298 4
776 781 8
777 298 10
777 204 9
777 12 2
777 788 3
777 937 8
778 161 4
778 31 10
778 219 8
778 513 5
778 518 8
779 785 5
779 508 9
779 77 8
779 882 9
779 718 6
779 632 8
780 835 9
780 531 3
780 58 3
780 541 2
780 960 4
780 390 9
781 175 10
781 964 9
781 842 7
781 27 8
781 111 10
782 702 4
782 918 7
782 508 10
782 284 3
783 166 9
783 97 10
783 605 5
784 536 7
784 913 6
784 584 9
784 507 8
784 414 3
785 566 5
785 62 4
785 503 7
785 814 6
786 816 2
786 835 7
786 869 5
786 950 8
786 973 7
786 377 10
786 566 7
787 865 8
787 949 8
787 314 6
787 842 5
787 30 10
788 148 3
788 449 3
788 524 4
788 762 6
788 748 3
788 805 3
788 326 9
789 551 4
789 554 8
789 259 5
789 188 4
789 852 10
790 148 8
790 682 7
790 973 2
791 566 7
791 448 8
791 267 9
791 898 4
791 598 5
791 404 10
791 194 9
792 50 5
792 863 10
792 990 6
792 314 7
793 172 7
793 822 7
793 750 6
793 130 10
793 164 7
793 912 10
793 693 5
794 860 5
794 670 8
794 131 3
794 368 8
795 578 9
795 21 4
795 596 6
795 844 4
796 289 6
796 247 8
796 80 9
796 41 10
796 940 8
797 789 5
797 935 6
797 812 3
798 416 7
798 55 2
798 385 3
798 590 10
798 198 3
798 233 6
799 719 7
799 627 10
799 232 8
799 983 4
799 946 7
800 598 3
800 564 7
800 27 6
800 828 5
800 633 4
800 724 5
801 361 8
801 239 6
801 119 9
801 169 5
801 764 6
801 770 6
801 622 3
802 137 5
802 961 9
802 539 4
802 130 3
802 929 7
802 80 10
802 204 7
803 982 10
803 285 3
803 205 3
803 269 3
804 868 10
804 676 2
804 549 10
805 541 8
805 486 6
805 742 5
805 890 2
805 243 4
806 620 3
806 429 6
806 832 6
806 818 9
806 782 10
806 494 10
807 460 3
807 749 6
807 846 9
808 990 9
808 117 8
808 525 7
808 996 10
808 840 8
808 821 10
808 229 8
809 839 2
809 325 9
809 53 8
810 231 5
810 442 6
810 629 2
810 499 7
810 573 8
810 378 6
810 407 8
811 996 6
811 627 5
811 828 10
811 834 2
812 56 10
812 428 4
812 880 3
812 329 4
812 856 5
812 300 2
812 202 2
813 193 5
813 93 9
813 428 8
813 644 5
813 361 3
813 965 6
814 301 10
814 172 7
814 782 3
814 171 2
814 879 4
814 511 8
815 528 4
815 903 10
815 755 5
816 637 3
816 165 8
816 739 3
816 29 8
816 686 8
817 925 5
817 965 5
817 150 10
817 348 2
817 342 5
817 930 7
818 409 4
818 964 5
818 867 8
818 155 10
819 615 8
819 878 7
819 623 10
819 133 5
819 806 4
820 474 9
820 55 5
820 565 3
820 653 6
820 650 4
821 74 4
821 970 3
821 11 2
821 242 9
822 154 10
822 111 5
822 801 10
822 627 6
823 353 6
823 998 7
823 895 4
823 293 10
823 322 4
824 590 3
824 100 6
824 920 3
824 173 10
825 740 3
825 614 9
825 128 9
825 624 6
826 155 7
826 578 3
826 365 7
826 882 8
827 372 10
827 527 3
827 952 4
827 50 10
827 173 9
827 826 4
827 192 5
828 209 6
828 48 5
828 290 10
828 221 9
828 797 4
828 733 6
828 458 3
829 960 4
829 201 9
829 960 6
829 637 4
829 762 7
830 1 2
830 202 4
830 480 5
830 30 3
830 797 2
830 575 8
831 940 8
831 49 2
831 924 9
831 694 5
831 426 5
832 26 3
832 995 4
832 296 3
832 577 2
833 202 2
833 436 8
833 325 9
833 468 9
833 325 7
833 476 5
834 832 7
834 44 8
834 885 2
834 545 9
835 715 5
835 652 2
835 480 6
835 332 6
835 44 7
835 728 8
835 629 3
836 530 9
836 434 2
836 204 9
836 146 8
836 11 7
837 167 4
837 897 6
837 219 9
837 649 4
838 237 5
838 962 4
838 661 3
839 938 5
839 579 7
839 255 7
839 354 10
839 411 9
839 175 10
840 982 5
840 699 10
840 890 4
840 495 4
840 542 4
841 966 6
841 583 4
841 361 3
841 397 3
841 918 2
841 399 5
842 153 10
842 519 8
842 129 6
842 365 9
843 38 10
843 309 7
843 244 4
843 133 3
843 44 10
844 759 8
844 911 2
844 261 2
844 329 9
844 469 6
844 401 8
844 187 10
845 955 4
845 415 3
845 73 8
845 284 4
845 459 4
845 147 10
845 610 10
846 501 10
846 148 2
846 772 2
846 927 6
847 192 8
847 420 3
847 25 4
847 837 6
847 146 7
847 479 3
847 876 9
848 297 8
848 490 10
848 62 8
848 88 10
848 98 9
849 993 8
849 751 4
849 79 10
849 977 5
849 690 5
849 336 5
850 733 7
850 902 5
850 428 4
850 70 5
850 637 3
851 96 5
851 557 8
851 352 8
851 335 2
851 163 3
852 172 5
852 825 9
852 5 10
852 233 10
852 993 3
852 397 2
853 281 9
853 469 5
853 421 3
853 322 10
853 654 8
854 792 2
854 290 2
854 594 4
854 73 2
854 148 7
855 73 4
855 232 3
855 872 3
855 850 10
856 64 3
856 266 5
856 749 5
857 285 9
857 697 9
857 2 2
857 73 2
857 101 7
857 206 9
858 697 7
858 789 10
858 652 10
858 198 4
858 209 3
858 895 3
859 574 4
859 870 2
859 149 10
859 694 3
860 760 10
860 316 2
860 726 7
861 317 3
861 635 3
861 786 7
861 298 9
861 273 9
861 440 3
862 604 3
862 878 8
862 180 7
863 301 7
863 160 6
863 740 5
863 709 5
863 581 5
864 296 5
864 366 4
864 711 10
864 732 10
864 942 7
864 791 9
864 768 3
865 254 2
865 879 7
865 494 9
865 169 3
865 381 2
865 631 2
866 462 2
866 882 4
866 195 2
866 373 5
867 754 10
867 706 4
867 45 3
867 979 7
867 865 9
867 62 6
868 860 4
868 139 7
868 605 9
868 509 2
868 850 7
868 425 8
869 22 3
869 261 7
869 740 5
869 258 3
869 865 5
870 294 2
870 796 10
870 999 5
870 516 3
870 9 2
870 519 3
870 802 9
871 261 7
871 111 5
871 800 7
871 568 9
871 390 6
871 524 2
871 701 5
872 237 2
872 155 6
872 99 10
872 811 8
872 416 4
872 578 7
873 824 2
873 202 6
873 159 9
873 356 9
873 728 9
873 43 10
873 813 8
874 705 8
874 620 6
874 15 8
875 830 4
875 67 4
875 965 7
875 2 5
875 395 6
875 287 10
875 123 9
876 97 7
876 512 5
876 268 6
876 528 9
876 289 7
876 194 5
876 727 7
877 313 5
877 358 7
877 203 6
877 818 9
877 562 8
877 146 4
878 953 5
878 592 5
878 93 8
878 318 8
878 96 5
878 486 2
879 875 4
879 951 2
879 741 6
880 853 6
880 489 6
880 403 3
880 987 3
880 984 9
880 111 3
880 800 3
881 236 4
881 906 8
881 513 8
881 243 3
882 107 4
882 501 5
882 437 3
883 15 7
883 500 4
883 252 10
883 34 6
883 102 9
884 181 9
884 265 8
884 637 5
884 512 6
884 443 4
885 820 5
885 884 10
885 482 3
885 524 2
885 360 5
886 421 3
886 163 10
886 567 9
887 32 4
887 978 10
887 746 7
887 157 7
887 585 6
887 119 2
887 241 2
888 761 5
888 634 2
888 661 9
888 171 7
889 812 7
889 41 8
889 377 3
889 981 8
889 271 2
889 464 6
889 212 2
890 625 6
890 211 5
890 768 10
891 135 8
891 614 7
891 627 6
891 799 4
892 443 9
892 434 6
892 233 6
892 17 8
892 699 2
893 407 10
893 964 2
893 209 5
893 962 10
893 435 2
893 606 2
894 492 8
894 748 2
894 631 7
894 31 8
894 449 8
894 423 8
894 904 6
895 131 7
895 741 10
895 861 4
895 428 10
896 258 6
896 609 7
896 15 9
896 819 3
896 154 2
896 332 3
897 431 8
897 886 4
897 338 7
897 987 7
897 97 4
897 831 3
897 619 9
898 479 10
898 93 9
898 850 4
898 636 6
898 832 5
899 225 5
899 989 10
899 447 9
899 979 8
900 598 7
900 722 2
900 971 4
900 520 8
900 911 8
901 955 7
901 122 6
901 335 2
902 532 4
902 227 8
902 657 9
902 708 5
902 958 4
902 372 7
902 661 9
903 74 8
903 547 8
903 694 6
903 511 3
903 230 6
903 93 2
904 130 9
904 155 7
904 718 2
904 85 4
905 457 7
905 364 5
905 997 8
905 622 10
906 715 2
906 733 9
906 628 9
906 423 5
906 188 6
906 6 9
907 905 8
907 483 4
907 231 3
907 890 9
907 495 4
907 962 4
908 543 3
908 743 5
908 383 8
909 733 10
909 199 5
909 697 6
909 53 2
909 49 2
909 571 3
909 190 3
910 672 4
910 327 2
910 869 3
910 145 6
911 942 9
911 572 6
911 399 4
912 38 10
912 222 5
912 747 9
912 165 3
913 871 10
913 109 7
913 343 6
914 404 8
914 207 10
914 947 8
915 789 6
915 108 5
915 281 6
915 20 8
915 973 5
915 31 6
916 410 8
916 304 3
916 773 4
917 95 10
917 788 8
917 824 2
917 84 7
917 451 4
917 552 8
918 38 7
918 617 9
918 665 6
918 52 6
918 361 9
918 718 5
918 961 10
919 958 5
919 492 10
919 909 10
919 804 5
920 436 8
920 983 3
920 612 3
920 327 4
920 697 5
921 845 8
921 386 4
921 665 8
921 714 5
921 705 3
921 875 6
921 201 3
922 443 8
922 133 10
922 642 7
922 157 10
922 195 8
923 245 2
923 133 4
923 273 2
923 577 10
923 628 6
923 834 10
923 677 7
924 677 4
924 1000 10
924 442 9
924 641 2
924 189 9
924 953 7
925 459 7
925 627 5
925 126 4
925 323 10
925 645 6
926 130 6
926 317 8
926 625 2
926 953 5
926 295 10
926 462 4
927 912 4
927 236 2
927 780 4
928 899 8
928 458 2
928 430 2
929 454 3
929 75 5
929 66 8
929 365 9
929 559 9
929 855 6
929 362 6
930 341 6
930 600 2
930 633 6
931 280 2
931 440 4
931 146 6
931 448 10
932 303 4
932 304 10
932 83 5
932 1000 2
933 824 5
933 959 9
933 401 5
934 157 10
934 980 5
934 984 4
934 779 4
934 186 9
935 157 10
935 788 2
935 460 2
936 345 9
936 310 6
936 7 3
936 610 6
936 988 3
937 315 10
937 659 10
937 108 2
937 215 4
938 725 2
938 126 5
938 860 8
938 151 2
938 832 4
938 236 10
938 758 7
939 699 9
939 339 8
939 699 7
940 137 2
940 730 10
940 416 5
940 399 6
940 606 7
940 980 2
941 494 7
941 207 10
941 1000 2
941 58 6
941 574 2
941 496 2
941 24 3
942 725 3
942 263 8
942 667 10
942 558 2
942 477 7
942 975 8
943 996 9
943 421 5
943 98 3
943 614 3
943 520 5
944 97 6
944 44 8
944 994 3
944 308 2
945 646 5
945 653 4
945 666 4
945 992 8
945 447 3
945 269 9
946 465 3
946 998 3
946 753 8
946 542 2
946 827 9
946 36 5
946 352 5
947 715 6
947 893 6
947 635 6
947 359 7
947 534 7
947 664 4
947 421 8
948 459 10
948 588 7
948 773 5
948 336 6
948 578 6
949 841 8
949 250 2
949 950 4
949 876 8
949 685 7
949 88 10
949 380 8
950 928 7
950 873 5
950 313 4
951 120 8
951 612 3
951 95 9
951 852 8
951 513 3
952 138 8
952 380 9
952 885 9
953 882 5
953 234 10
953 675 6
953 817 6
953 916 4
954 91 9
954 291 10
954 823 4
954 1 8
955 745 4
955 94 10
955 691 6
955 624 8
955 411 3
956 707 7
956 61 3
956 894 5
956 870 6
956 180 7
956 673 3
956 825 3
957 26 2
957 979 5
957 860 10
957 57 4
958 448 8
958 682 7
958 923 8
958 111 9
958 37 3
958 827 6
959 777 7
959 505 10
959 873 8
959 528 8
959 982 3
959 902 3
959 261 5
960 810 3
960 696 5
960 498 3
960 181 2
960 267 2
960 858 9
960 51 10
961 729 8
961 147 10
961 73 3
961 405 10
962 385 6
962 451 6
962 543 9
962 678 6
962 549 5
962 248 4
963 969 4
963 99 4
963 155 7
963 401 7
963 442 7
964 314 6
964 928 6
964 872 8
964 565 3
965 498 7
965 799 7
965 258 4
966 211 10
966 395 3
966 595 9
966 652 2
966 872 9
967 543 3
967 435 3
967 930 8
967 198 4
968 734 4
968 2 8
968 703 5
968 945 8
968 250 4
969 890 9
969 115 10
969 693 3
970 26 2
970 258 6
970 822 10
970 718 10
971 945 5
971 327 2
971 178 6
971 875 9
971 506 8
971 742 10
972 186 7
972 970 9
972 24 10
973 944 5
973 95 3
973 324 8
973 684 9
974 631 9
974 934 6
974 142 8
975 352 3
975 67 4
975 334 8
975 431 6
975 558 9
976 52 2
976 285 6
976 191 9
976 415 7
976 574 4
977 655 6
977 312 2
977 360 7
978 352 9
978 17 3
978 772 9
978 621 10
978 99 4
978 609 6
979 28 2
979 869 6
979 516 6
979 460 6
979 693 4
979 689 4
979 115 3
980 266 10
980 487 4
980 520 4
980 262 6
981 227 10
981 967 8
981 721 7
981 101 5
981 42 4
981 363 7
981 397 5
982 759 6
982 295 5
982 835 3
982 983 9
982 818 10
982 89 2
982 652 8
983 192 7
983 415 3
983 342 4
983 839 3
983 530 2
983 107 10
983 497 5
984 482 5
984 731 10
984 678 6
984 28 8
984 154 4
985 175 4
985 474 4
985 144 8
985 46 8
985 859 9
985 43 10
986 345 5
986 63 9
986 409 7
986 651 9
986 195 3
986 382 5
986 231 4
987 588 6
987 982 3
987 572 3
987 817 4
987 717 5
988 903 9
988 307 10
988 964 3
988 833 3
988 250 2
989 461 2
989 588 2
989 25 4
989 11 8
989 60 4
990 718 10
990 292 5
990 296 4
990 637 5
990 545 4
991 195 3
991 497 9
991 27 8
992 339 7
992 277 6
992 100 2
992 540 4
992 567 7
992 798 8
993 158 2
993 351 2
993 292 4
994 79 8
994 279 5
994 723 2
994 20 5
994 700 2
995 477 5
995 422 2
995 318 2
996 207 6
996 961 2
996 292 5
996 581 9
997 767 2
997 447 6
997 94 5
997 552 2
998 687 8
998 960 10
998 155 9
998 636 9
998 974 10
998 401 10
999 939 3
999 406 9
999 10 5
999 600 10
999 654 4
999 243 2
999 319 6
1000 672 9
1000 544 8
1000 870 10
